70.920 -38.797 14.354 99.323 90.374 7.581
-37.507 -3.263 40.079 27.999 65.213 -55.552
48.972 55.872 53.441 -30.182 65.413 29.272 -71.052 -43.858 30.854 10.855 -12.451 -26.288 -36.446 78.476 20.658 72.564 91.503
5.154 -27.354 85.431 -50.413 7.582 21.158 77.796 -3.072 80.301 83.060 80.919 92.906 -19.466 -55.144 0.007 37.425 -33.700 66.468 -71.087
66.260 6.434 -64.585 -55.467 -64.674 -75.870 -89.712 -96.533 -81.423 -68.569
-32.333 53.433 4.252 92.062 91.949 44.176 -94.736 -1.603 59.193 -91.499 -14.880 -74.125 -16.648 76.128 -40.571 -8.423 81.162 -4.615 -88.132
25.510 -52.476 32.070 44.572 -7.198 56.054 -41.139 -1.833 87.235 57.791 26.803 -55.966 -30.625 -93.640 -21.360 -92.459 0.097 40.921 60.018
-60.256 -81.091 -100.723 57.053 51.333 41.215 -46.695 -9.985 -34.399 -37.564 85.733 34.270 -100.427 23.008 30.129 -48.424
-86.445 -83.822 23.149 -37.588 89.848 -60.247 -93.635 -66.660 13.738 -27.668 97.589 -54.200
56.519 43.457 31.619 -87.028 28.947 -52.489 -46.541 47.549 -35.900 -80.903 -21.322 -97.686 58.817 43.033 76.287 11.666 -92.912 24.179 28.166
-58.138 8.564 -58.722 14.978 53.037 -45.637 6.953 87.171 -98.511 3.823 -46.135 -45.764 64.509 82.363 -40.241
21.026 21.770 -41.838 60.055 -75.022 93.971 -37.851 9.235 35.170 90.716 -52.227 89.680 -59.977 86.200 51.916 -70.101
-39.474 -33.039 -14.794 -97.523 -78.794 39.400 27.933 26.767 70.695 8.557 73.682 33.900 -98.465
-34.882 88.668 -36.560 -5.987 77.444 -88.523 -72.821 59.361 -75.238 -37.369 -29.733 -82.544 2.747 19.074 58.611 20.685 -16.719 72.726 -35.273 64.684
-10.048 -20.708 63.330 -54.938 -33.497 80.734 21.390 -90.168 -45.650 88.048 -57.604 34.942
84.643 86.878 -35.467 -53.348 26.876 -49.233 -47.926 36.531 57.188 -95.862 62.552 30.537 63.297 10.836 -23.985
-19.358 87.572 -87.189 6.749 9.805 -87.536 47.388 -1.156 -70.767 -27.732 -28.886 -1.812 -41.043 -4.461 58.803
-65.215 69.054 -64.216 -44.139 -69.096 -21.466 1.852 -17.996 5.716 -46.226 -15.779 -21.108 -17.504 -64.191
-93.612 -95.269 -97.292 -26.563 1.798 -57.826 13.334 -83.604 -65.017 76.630 30.171 -57.086 99.142 -58.143 -39.810 -54.061 -50.182 48.322 -43.567 33.837
-50.939 50.152 27.486 -74.144 -46.406 12.769 -88.786 -29.995 -36.683 85.891 -19.524
14.239 7.765 -60.562 2.165 -37.427 -0.747 -1.252 -64.851 -40.167 -78.229 -82.213 -11.260 -35.386 -81.731 -33.879 79.469 21.719 75.964 85.308
-49.578 24.605 0.583 -98.150 -69.456 -8.926 38.151 -28.947 95.933 79.845 74.292 -79.003 46.537 -57.705 -80.129
