75 1 9 84 6 1 98 51 86 21 82 63 : 1-11, 2-7
28 23 87 72 22 80 9 82 29 77 70 89 80 46 35 21 51 11 19 : 6-6, 17-12, 2-17
80 21 60 23 40 96 93 4 55 66 : 6-5, 2-9, 1-3, 8-3, 4-5, 9-7
4 16 46 86 96 8 71 94 3 43 78 36 13 41 68 68 : 3-7, 11-14, 10-15, 2-5, 0-3
8 49 37 9 61 87 89 62 21 17 17 29 30 100 74 48 43 59 100 54 : 11-2, 19-1, 14-11, 19-1, 3-16, 8-4, 18-3, 1-13, 0-8, 0-16, 8-17
27 47 92 13 82 6 84 53 55 59 8 19 42 91 64 : 11-10, 11-2, 4-10, 7-13, 13-10, 13-4
26 100 13 73 58 85 87 94 10 44 27 88 44 96 11 54 31 : 12-2, 15-12, 5-0, 1-3, 11-6
19 72 64 40 49 41 45 17 67 77 63 78 64 : 0-6, 6-6, 6-3
54 8 31 79 32 54 12 21 40 32 20 89 : 9-8, 10-0, 1-0, 9-10, 6-1, 1-4
88 95 3 17 49 48 42 17 13 13 66 75 74 4 : 5-9, 6-12, 10-10, 8-2, 3-0
15 4 50 50 26 52 99 24 31 99 25 5 56 96 36 87 : 12-3
90 15 51 75 97 79 69 33 16 64 1 67 53 10 63 51 72 42 : 12-3, 3-11, 6-10, 16-3, 8-5
41 73 31 63 35 66 75 14 81 25 11 7 : 5-11, 9-9, 4-8, 1-1
16 78 81 48 32 39 1 50 19 2 80 92 89 57 74 3 : 6-3, 15-0, 11-12
65 37 100 83 2 5 4 68 92 72 5 76 50 15 27 16 41 7 : 1-3, 0-10, 14-12, 12-3, 14-6, 10-9, 14-14
4 22 88 95 22 62 83 56 52 3 54 37 : 3-11, 11-5, 1-11
97 96 43 53 3 88 59 90 86 1 40 96 18 7 67 : 5-14, 5-10, 7-3, 8-13, 2-10, 3-14, 13-6, 1-1
44 63 55 28 17 80 67 23 81 82 17 58 71 64 55 38 26 30 : 17-2
89 70 80 68 39 82 39 93 69 2 49 40 : 9-11, 3-2, 5-9, 2-8, 5-6, 2-2
91 24 19 63 71 88 94 66 46 96 49 95 3 97 88 : 8-5, 11-12, 10-2, 13-1, 5-4, 3-1, 5-8
14 72 52 24 49 8 22 10 85 22 : 1-7, 1-1, 8-3
6 60 46 70 77 75 77 35 2 58 38 41 89 58 60 26 : 15-10, 3-7, 13-6, 11-7, 13-1, 7-2, 3-4, 4-14
13 34 30 99 68 78 29 4 12 35 45 45 48 49 68 49 : 5-11, 1-10, 2-13, 14-9, 12-0
74 8 45 73 65 22 81 40 63 32 43 20 56 : 8-12, 10-6, 2-5, 2-0
25 36 41 69 79 41 88 70 81 62 42 72 94 98 14 19 94 93 : 6-12, 11-3
94 59 61 74 72 77 95 19 95 17 15 49 92 45 43 23 64 28 : 4-8, 6-7, 17-6, 13-4, 13-7, 11-10, 10-9, 16-13, 17-10, 5-1
6 92 2 83 91 61 17 92 81 13 65 36 2 : 11-1, 5-8, 12-0, 9-6, 4-8, 8-2, 0-11
5 27 23 95 72 90 27 84 79 6 15 80 93 82 100 7 : 2-7, 12-5, 12-4
85 81 37 29 64 99 68 23 32 31 20 43 48 21 50 38 : 11-9, 5-13, 6-15, 10-1, 2-8, 3-6, 9-14
71 58 20 6 90 88 98 74 41 55 42 29 5 89 22 84 51 26 38 95 : 16-13, 16-5, 15-2
17 11 19 57 28 22 23 56 57 52 43 61 60 76 : 0-3, 5-5, 4-6, 9-11, 9-13, 3-7
11 19 25 43 51 84 93 8 20 44 45 : 2-7
1 55 9 25 96 96 33 36 83 24 53 64 : 4-5, 0-11, 9-0, 0-3
4 11 69 18 81 10 5 24 37 43 12 87 26 9 : 5-0, 9-10
78 13 76 3 87 27 53 31 1 12 76 83 4 66 88 36 75 : 15-2, 12-1, 0-12, 8-2
30 75 33 25 45 13 96 97 77 35 97 38 41 88 90 24 29 100 33 : 16-3, 9-1, 2-15, 7-16, 8-0
35 6 9 40 67 69 68 67 33 70 94 : 0-5
32 4 81 46 22 22 44 31 7 73 60 39 : 0-4, 1-9, 3-10, 0-6
13 52 11 38 87 29 51 37 34 27 79 : 5-0, 1-2, 6-6, 2-8, 8-4, 3-7
24 1 72 77 51 12 99 36 37 4 58 5 81 86 77 92 : 2-6, 1-10, 6-12, 15-5
100 55 96 22 10 46 88 25 96 64 47 : 7-2
82 53 3 48 10 40 67 27 62 10 58 52 48 61 47 65 45 66 73 50 : 7-3, 5-14, 4-8, 14-4, 1-8, 10-4, 15-19, 19-5, 0-18, 2-3, 15-16
79 50 73 55 13 42 41 8 59 63 5 : 10-4, 2-9, 0-0
29 63 70 47 64 28 96 23 25 6 46 22 15 11 76 44 1 44 : 14-8, 10-15, 12-16, 14-15, 11-3, 4-3, 14-11
1 83 88 74 25 62 11 71 44 6 9 46 54 27 8 34 10 16 32 : 14-18, 17-4, 6-10, 0-4, 1-0, 2-5
96 64 29 13 55 88 55 78 69 56 62 : 0-6, 0-9, 5-4, 1-6, 4-0
86 42 80 13 76 41 40 43 73 27 61 48 96 98 26 33 90 65 86 : 6-15, 4-8, 7-14, 1-9, 3-13, 3-8, 12-9, 18-8
4 74 58 13 73 44 5 59 10 91 79 12 87 67 68 : 9-3
70 90 26 83 96 44 46 53 87 86 38 69 44 11 36 : 8-1
22 9 13 41 11 68 53 86 55 16 98 84 52 3 51 17 90 : 3-6, 12-12, 3-16, 4-14, 5-2, 11-12, 1-14, 6-0
57 61 30 54 85 3 21 54 63 73 23 90 56 41 97 61 23 28 : 2-6, 14-11, 8-3
78 26 28 38 79 84 47 76 1 65 65 23 3 21 98 94 99 96 82 : 0-10, 12-14, 2-10, 18-5, 1-14, 11-0, 15-12
71 1 78 82 26 66 82 36 89 84 18 58 58 24 : 7-7, 10-4, 11-2
57 49 54 69 63 76 20 5 33 72 : 6-8, 5-0, 1-0, 8-0, 2-3
64 93 81 46 9 45 62 80 78 19 65 : 7-10, 6-6, 2-7, 9-0, 10-6, 7-3
78 17 78 50 37 94 29 91 44 23 : 5-9, 1-8, 5-2
56 85 22 31 41 3 51 12 38 65 51 47 65 82 27 30 34 45 : 3-17, 2-4, 11-11
75 99 30 8 89 86 32 53 22 33 99 28 57 25 14 77 : 3-1, 3-4, 1-8, 4-13, 15-10, 5-15, 2-13
48 29 72 33 81 17 95 70 64 48 64 23 : 0-5, 11-7
61 50 28 41 4 23 85 23 64 16 98 89 : 3-9, 3-6, 7-6, 11-5, 8-5, 5-10
23 20 88 73 28 98 83 74 45 18 33 65 52 : 9-8, 3-3
75 66 30 5 16 29 63 69 39 23 81 73 14 48 81 84 33 20 : 12-1, 15-4, 7-8, 3-10
79 81 84 16 66 68 27 86 77 33 7 40 80 92 55 91 45 10 47 : 15-4, 2-4, 7-14, 8-7, 16-11, 1-3, 12-17, 0-18, 12-0
91 79 63 15 67 19 12 24 9 90 13 60 24 93 93 70 86 : 9-8, 10-16, 4-14, 7-5, 3-0, 12-3, 12-4, 11-9, 8-1
75 98 4 27 52 17 35 83 95 82 45 11 81 79 97 32 61 88 : 16-17, 10-17, 0-6, 16-15, 17-7, 5-5, 6-10, 17-6
65 27 7 59 95 7 51 90 46 94 69 61 2 26 5 75 : 2-14, 14-0, 10-15, 13-14
79 46 53 32 4 49 10 22 7 18 51 47 13 54 9 70 27 46 : 2-17, 13-16, 17-8
9 2 14 88 59 87 31 14 98 82 66 6 31 12 23 : 8-11, 0-5, 13-13, 3-3, 12-11, 0-9
14 91 84 71 90 93 86 88 67 44 : 8-9, 2-0, 7-7, 7-4
15 84 25 70 84 63 15 98 69 37 32 97 55 80 28 7 62 3 17 : 0-10, 18-18, 2-12
2 37 56 82 46 42 85 74 84 40 84 : 3-10, 5-2
82 47 78 45 8 75 85 90 96 65 38 98 93 77 9 14 9 71 36 : 17-2, 18-6, 7-5, 1-18
58 57 64 54 77 26 45 88 62 36 : 6-1, 6-9, 2-5, 7-3, 7-1
39 86 82 19 48 25 75 78 88 13 : 6-1, 2-0
85 77 9 33 43 71 18 32 5 25 50 72 80 73 57 76 93 68 59 68 : 14-7
98 34 3 56 45 21 35 99 26 51 10 18 97 46 20 19 91 37 : 5-12, 2-0, 4-6, 11-2, 2-2
4 96 55 39 44 45 37 7 43 60 : 6-5, 6-5, 0-1, 6-4, 7-1, 3-8
53 75 7 2 75 59 17 33 60 5 97 79 46 2 61 56 : 13-10, 5-7, 1-0, 1-13, 4-4
47 32 83 11 51 4 65 94 91 77 66 56 87 77 7 6 98 11 1 : 8-9, 16-9, 14-8, 17-5
29 31 16 90 26 27 76 28 60 1 99 74 93 80 : 4-7, 3-2, 0-2, 11-5, 0-6, 6-12
84 6 65 37 65 25 39 32 40 87 81 33 : 6-11
85 45 6 24 48 7 6 25 69 55 77 21 55 : 2-5, 12-10, 9-12, 8-6, 10-2, 0-4
5 92 12 73 50 82 1 78 96 17 34 30 70 14 : 8-13, 13-1, 4-11, 0-10, 13-12
43 40 60 35 76 61 44 12 18 20 16 80 74 65 86 16 38 91 27 80 : 1-9, 16-15, 0-16, 10-6, 15-12
72 63 86 18 82 26 9 78 8 81 61 : 5-8, 2-6, 3-2
7 87 78 58 89 88 68 29 63 28 10 : 7-2, 4-9
49 11 68 18 82 27 48 93 82 36 80 97 61 : 9-10, 9-1
86 93 95 70 47 16 66 56 37 83 87 24 73 : 0-7, 0-6, 7-10, 1-2, 12-11, 0-6
25 28 36 88 53 4 48 62 27 33 66 16 49 71 23 17 : 3-10
43 96 66 69 81 72 92 48 92 48 44 22 5 54 30 24 86 5 74 : 11-9
100 32 30 79 45 66 9 81 98 9 : 8-5, 3-8, 7-4, 2-2, 8-1
53 73 18 29 48 73 98 29 11 86 55 93 51 71 53 99 34 76 75 37 : 4-6, 0-8, 10-0, 13-0, 13-14
10 46 47 72 91 74 59 34 36 5 57 36 14 9 65 18 62 37 70 42 : 16-16
36 80 58 86 68 21 56 39 28 74 1 26 84 : 10-7
35 84 97 90 8 3 72 70 55 55 : 3-8
36 52 74 72 4 29 9 10 33 94 63 34 29 80 49 81 46 : 4-1, 15-12, 1-2, 13-8, 11-2, 16-4, 13-14
10 97 59 45 5 43 73 9 50 18 61 49 : 1-9, 4-4, 2-8
8 80 93 55 83 30 66 35 26 94 12 78 51 25 58 44 42 9 : 4-4, 2-4, 4-9, 1-5
9 36 97 5 15 23 56 84 56 9 88 91 95 48 100 57 : 6-6, 10-12, 4-10, 13-6, 13-0, 7-1, 10-4
22 73 10 4 5 72 67 24 45 87 33 55 35 47 72 : 13-10, 6-2, 4-3, 0-1, 4-4
