1 2 3 4 | 3 1 | 4 1
19 11 | 19 21 23 | 31 39 29
10 31 15 14 21 | 11 33 6 42 49 | 27 36 | 23 33 44 28 1 9 | 26 20 14 40 3 5 4 | 24 49 37 21 23 | 17 28 50 35 3 4 | 22 | 25 26 29 10 | 22 | 13 38 22 33 32 45 | 11 18 36 41 3 2 | 46 12 15 29 48 | 8
32 44 16 | 12 | 27 | 8 27 12 21 25 | 30 16 | 24 5 14 40 | 21 | 23 | 50 3 28 43 16 | 11 3 49 28 16 | 35 49 | 11 33 18 29 41 1 | 43 | 20 | 22 | 11 24 26 14 19 44 34 | 19 25 29 | 28 34 | 11 21 28 35 41 6 8 | 18 41
22 32 31 50 43 5 | 3 15 40 | 38 15 49 | 46 39 7 | 22 18 31 1 7 8 | 35 40 34 | 10 26 12 22 8 | 24 18 2 37 | 25 18 | 8 44 6 18 34
24 10 13 14 23 33 | 9 25 31 43 7 | 24 15 49 33 3 9 | 39 16 | 10 26 | 1 37 29 48 23 | 44 12 42 3 6 | 3 35 23 | 39 30 40 48 41 | 46 | 46 | 5 14 | 19 28 4 34 | 8 38 36 4 | 21 17 48 23
33 31 42 | 11 18 45 20 35 | 11 13 28 | 24 27 14 16 44 37 40 | 24 26 45 42 6 | 26 40 17 | 32 13 14 8 4 | 39 12 38 | 33
13 30 19 18 45 6 | 39 20 48 18 42 28 | 39 23 44 45 28 43 5 | 32 16 40 23 | 39 27 29 43 | 28 36 7 21 | 13 36 14 | 19 18 46 29 | 9 3 23 17 34 | 6 | 13 41 15 31 23 | 38 14 23 | 28 3 37 14 | 47 4 41 50 34
9 15 | 30 4 | 47 45 15 35 17 | 30 28 7 48 29 | 45 43 | 39 15 14 19 29 20
19 10 41 25 | 15 14 17 | 24 44 30 21 | 47 | 24 46 49 | 10 2 5 48 34 | 13 5 40 | 29 40 49 | 10 39 40 | 1 25 20 35 28 | 26 23 28 50 41 8 | 11 31 12 5 16 | 19 44 28 21 29
13 27 20 46 37 40 | 29 | 25 42 50 29 49 | 25 27 16 33 47 40 | 11 36 | 39 | 44 45 22 17 41 | 16 28 43 17 6 | 39 23 49 13 6 8 | 38 14 35 | 11 13 | 24 10 5 43 41 | 46 2 14 48 | 19 28 5 50 | 47 31 34 | 3 14 48 | 30 35
13 12 32 37 26 7 | 45 | 22 | 9 40 | 48 49 32 43 29 2 7 | 27 2 15 | 23 27 21 32 34 | 39 | 19 8 1 30 28 | 10 48 16 32 34 47 18 | 22 33 36 3 2 5 | 33 1 31 40 | 19 3 38 5 49 | 32 45 48 34 | 24 18 12 10
24 14 16 32 1 2 | 38 15 32 43 50 1 | 32 13 2 4 44 | 4 | 39 30 45 13 36 6 9 | 26 17 49 33 28 43 | 19 26 30 | 9 25 13 5 15 | 11 19 13 | 8 3 28 26 36 | 13 23 46 34 19 2 | 9 15 21 6 | 26 49 32 43 34 5 41 | 46 3 12 17 | 10 14 46 18 45 6 | 46 28 4 | 28 49 | 25 39 19 28 42 4 | 39 | 25 13 42 21
18 26 48 | 8 48 23 | 18 47 | 45 | 18 2 5 14 | 38 48 49 | 31 49 14 29 | 49 30 37 36 34 6 | 1 20 | 16 | 44 30 | 20 46 47 31 32 9 | 18 | 25 13 38 5 23 | 46 47 3 | 19 2 37 | 26 5 4 35 7
25 3 | 25 39 12 33 30 43 | 47 28 36 43 32 | 28 20 29 48 34 | 43 17 40 | 38 32 44 29 34 3 5 | 19 23 | 45 15 | 32 34 2 13 30
10 31 8 | 46 18 13 15 35 | 24 22 | 8 44 50 35 | 3 37 7 | 3 20 21 | 29 | 18 48 16 | 24 13 21 18 36 7 | 22 34
13 46 45 29 35 9 | 24 27 48 32 40 38 | 9 39 48 | 12 43 | 11 42 21 34 | 46 18 31 41 16 | 19 | 14 | 49 | 29 47 36 35 49 | 47 3 5 21 35 | 15 29 16 | 11 13 15 18 42 41 7 | 35 | 9 29
8 42 28 | 11 10 16 31 41 8 | 24 25 13 32 50 9 | 19 31 42 1 46 4 | 39 45 4 34 | 27 20 23 28 40 3 | 47 44 2 15 29 | 33 10 2 28 36 | 44 5 36 | 11 15 49 23 50 3 4 | 13 38 16 32 31 5 | 31 45 44 48 | 25 26 27 49 4 8 | 43 17 | 15 32 20 6 | 13 12 31 29 34 1
39 27 16 3 7 9 | 27 | 1 41 | 33 11 39 | 22 | 47 35 25 | 10 37 48 | 19 32 36 | 37 4 | 25 27 20 40 12 5 7 | 30 50 7 4
26 | 11 39 47 35 34 6 32 | 11 12 | 39 22 16 47 35 32 | 10 30 28 4 | 32 13 27 4 23 | 15 14 16 19 32 36 | 13 21 19 47 28 50 7 | 48 22 46 18 44 36 5 | 14 48 47 45 28 40 | 18 17 25 | 13 42 35 | 27 20 49 46 32 45 38
2 | 43 48 | 24 9 27 17 46 | 10 28 50 17 47 | 18 7 | 8 3 15 6 | 9 47 34 21 16 | 39 22 30 41 2 6 | 11 25 26 45 50 | 44 27 3 36 49 | 20 48 30 37 29 1 | 13 27 22 45 40 2 | 9 42 3 15 18 | 11 18 43 7
13 39 35 | 45 35 | 23 3 38 42 49 | 27 21 22 33 43 41 17 | 48
11 27 14 48 49 33 32 | 26 27 14 2 4 21 | 11 26 38 20 | 32 39 42 7 18 | 33 44 42 23 | 30 14 41
39 48 19 28 45 42 26 | 45 42 4 30 | 35 | 3 49 43 35 40 | 1 8 4 34 | 39 2 36 | 12 45 | 25 39 48 37 29 40 | 15 16 46 44 45 42 8 | 13 38 40 35 23
11 42 22 | 41 4 49 | 11 25 22 7 | 32 | 8 13 36 | 29 4 | 1 15 | 4 7 | 8 39 45 17 16 | 49 46 32 30 50 40 | 8 26 13 29 35 | 11 14 31 30 40 34 | 24 47 42 36 21
25 15 19 32 3 20 | 15 23 46 18 16 40 5 | 32 37 | 9 25 26 15 43 | 50 34 | 39 16 33 30 34 9 | 46 20 | 24 | 9 27 2 38 | 1 46 35
19 32 44 50 47 | 20 34 1 3 6 9 | 39 42 | 36 40 16 | 9 25 44 10 | 26 27 45 28 39 3 | 9 1 27 21 | 12 21 38 33 2 6 | 10 23 49 32 16 42 4 | 11 47
20 | 11 5 45 42 17 | 23 | 44 13 14 7 29 | 8 39 | 32 31 38 45 | 45 | 47 31 29 41 4 6 | 25 46 30 33 3 4 6 | 37 | 26 27 48 22 47 32 | 25 6 | 33 25 3 42 34 | 25 36 22 34 | 11 33 43 48 | 36 17 | 38 29 36 1 5 41 | 8 14 35
11 24 15 28 3 4 8 | 3 5 | 47 | 8 37 22 47 | 19 49 | 19 | 48 23 30 50 16 4 6 | 41 37 43 6
21 22 23 34 3 4 8 | 41 | 33 26 30 37 4 | 9 19 3 26 48 | 1 8 48 16
19 13 28 | 20 7 | 2 43 36 14 | 10 15 47 | 21 32 44 30 37 29 40 | 9 8 17 16 | 29 50 17 40 | 3 | 46 13 30 21 | 24 27 17 16 49 3 | 24 13 44 17 | 39 18 43 40 2 7 6
31 44 43 | 11 38 34 22 16 | 24 11 16 | 28 | 13 23 46 37 42 8 | 47 39 2 21 40 | 11 12 22 19 45 7 | 42 39 15 36 | 24 9 26 22 | 26 12 3 23 | 42 | 32 12 38 27 | 33 47 42 4 | 1 11 5 | 27 49 33 45 37 5 | 45 48 34 | 19 7 | 11 10 17 44 28 29 | 22
1 3 38 13 40 | 27 22 38 | 39 45 15 40 23 | 2 17 | 39 20 29 6 9 8 | 45 42 | 19 28 | 21 19 43 40 1 3 | 45 27 12 36 16 | 39 31 13 40 4 8 | 33 47 13 27 17 | 9 8 | 32 36 43 25 49 | 2 | 8 44 20 40 | 9 13 45 5 48 | 24 3 42 35 | 13 38 22 45 39 5
13 14 23 | 39 21 33 28 37 34 | 12 15 31 36 43 3 41 | 47 38 | 27 45 | 39 22 | 10 42 34 2 8 41 | 1 38 28 50 | 18 40 32 | 11 25 45 49
46 | 22 | 37 2 20 4 | 34 38 5 29 6 | 22 | 13 15 43 48 | 24 18 3 11 49 | 28 36 | 24 38 | 33 27 | 24 27 18 31 50 38 | 19 20 35 34 | 19 47 34 | 32 49 | 18 13 37 21 43 | 48
41 43 6 | 11 24 38 37 14 | 16 33 18 45 43 35 9 | 10 30 34 | 11 49 19 37 29 2 7 | 10 15 50 43 2 6 | 11 30 15 | 28 | 24 31 30 42 29 | 10 12 16 42 50 25 6 | 33 6 | 10 38 | 50 21 | 46 7 | 24 31 36 14 16 | 9 8 12 29 6 | 1 3 37 35
29 | 9 8 13 46 | 1 42 13 15 31 | 27 48 42 37 29 12 7 | 13 15 21 16 46 45 | 25 3 37 29 23 | 12 14 | 33 38 50 | 18 21
33 32 14 | 42 37 7 23 | 36 | 24 27 15 19 1 9 8 | 13 2 21 7 | 2 4 7 29 | 24 47 5 | 11 46 20 33 | 24 21 | 17 | 47 38 45 7 36 | 39 14 | 39 20 45 13 35 43 2 | 47 44 31 20 4 | 24 26 30 | 19 32 3 34 18 | 16 | 13 38 23 41 3 34
37 27 28 40 34 | 12 | 13 12 22 19 5 6 | 18 4 6 | 10 44 38 16 | 12 | 1 2
12 15 14 18 44 43 | 18 25 23 | 25 3 2 34 | 50 | 20 17 49 31 23 43 | 3 49 | 24 13 44 42 40 41
11 32 35 | 42 | 24 10 15 42 49 | 47 37 29 32 8 28 | 44 38 35 22 40 | 15 36 23 | 15 14 49 44 50 36 | 13 12 28 1 5 8 | 32 13 3 22 10 | 10 44 45 28 | 45 37 43 17 30 | 38 12 5 14 43 | 16 42 29 17 49
19 11 | 19 21 23 | 31 39 29
